image_00000 339 260 355 281
image_00001 330 255 353 282
image_00002 332 253 356 283
image_00003 332 253 353 279
image_00004 333 252 354 281
image_00005 331 254 354 282
image_00006 330 254 357 281
image_00007 329 253 357 281
image_00008 329 252 358 280
image_00009 329 251 359 280
image_00010 329 247 358 283
image_00011 330 250 357 284
image_00012 326 246 359 283
image_00013 327 247 357 283
image_00014 323 247 358 285
image_00015 320 236 359 283
image_00016 322 237 375 286
image_00017 321 238 380 287
image_00018 322 237 376 288
image_00019 321 237 378 288
image_00020 324 237 381 290
image_00021 321 237 379 288
image_00022 323 237 380 290
image_00023 323 237 381 290
image_00024 321 236 380 290
image_00025 322 237 383 290
image_00026 321 237 383 292
image_00027 322 237 384 291
image_00028 319 239 383 292
image_00029 320 239 382 294
image_00030 319 237 383 291
image_00031 347 233 380 291
image_00032 348 235 379 295
image_00033 348 233 380 294
image_00034 350 234 381 294
image_00035 351 234 381 293
image_00036 351 234 380 295
image_00037 348 235 382 294
image_00038 349 238 381 294
image_00039 347 237 384 295
image_00040 347 240 384 295
image_00041 345 238 383 295
image_00042 345 236 384 294
image_00043 348 229 393 293
image_00044 348 229 393 290
image_00045 347 229 394 290
image_00046 355 227 395 265
image_00047 357 229 394 263
image_00048 359 230 391 261
image_00049 357 230 394 259
image_00050 359 230 391 258
image_00051 362 231 388 256
image_00052 365 231 391 253
image_00053 366 231 388 252
image_00054 365 229 389 252
image_00055 367 231 390 250
image_00056 366 231 388 251
image_00057 370 230 389 249
image_00058 372 228 389 249
image_00059 371 229 389 247
image_00060 370 230 387 246
image_00061 367 226 388 247
image_00062 369 229 387 247
image_00063 369 229 387 246
